9
25
0
1
3
13
25
20
20
15
28
12
38
5
87
97
1010
6
83
35
44
5
6
19
106
198
12
449
79
4
50
26
14
215
7
26
93
55
8
30
19
36
8
37
43
89
5
3
20
57
84
247
446
26
4
7
17
13
76
15
37
265
21
246
14
36
65
32
416
53
62
1989
15
27
12
111
41
40
5
961
228
2810
11
57
8
68
5
37
31
58
107
522
18
31
46
12
43
77
38
32
35
33
28
72
3880
3
38
3
1979
27
25
32
243
22
184
9
232
12
569
32
5
218
43
4
40
6
18
78
319
8
69
25
221
29
5
3
439
653
11
8
8
21
110
4
156
26
2909
8
53
26
282
29
4
11
2807
145
17
6
47
37
317
4
69
8
93
35
37
11
5
2926
57
7
37
276
6
7
13
46
7
56
5824
237
13
303
6
760
74
54
52
65
44
29
8
12
458
25
228
9
55
3822
26
609
46
80
36
558
8
35
42
5
259
41
1
53
8
51
56
7
51
16
42
803
182
55
7
37
8
1925
69
1
1
33
233
178
17
7
29
41
11
10
21
127
26
3
195
35
218
45
27
288
11
302
61
237
31
43
17
11
1
9
8
55
210
16
17
69
87
297
42
11
33
8
317
248
207
6
105
47
253
4
168
30
11
39
254
228
32
95
35
41
14
10
18
6
19
84
62
14
827
120
4
37
307
7
26
56
52
6
62
41
17
99
10
51
63
487
25
13
52
203
46
10
24
7
4
66
61
118
42
13
50
4
10
864
88
4
14
16
5
6
6
11
22
9
5
64
22
30
34
3
45
39
286
3
62
63
149
13
7
47
125
75
78
74
11
74
48
63
3
302
31
14
64
47
5
635
7
7
61
10
210
44
29
112
11
1845
115
7
28
17
6
7
3058
54
32
70
24
9
3
4
37
7
191
157
144
93
67
323
163
4
197
14
4132
116
7
49
22
234
64
12
37
58
6
25
9
9
13
10
40
42
10
52
23
78
83
5
86
15
8
42
7
9
57
54
6
2
6
74
56
2
9
55
46
567
5
9
25
14
280
6
30
11
11
29
33
565
34
49
4
11
59
577
260
2028
27
0
170
244
12
5
3967
10
236
609
12
240
24
835
37
10
4
6125
26
3
318
31
301
1
136
26
538
1998
6
41
21
882
32
20
5
5
3
27
47
24
44
58
48
18
27
45
16
32
3
29
3820
11
2913
7
77
11
6
26
38
8
40
304
12
11
3
64
29
6
5
126
10
32
16
649
65
44
46
12
23
311
216
6
9
39
13
6
35
12
326
94
6
2936
50
6
79
62
12
19
25
8
50
14
36
36
210
4
54
3846
59
50
54
25
202
10
33
8
85
311
102
10
2925
3
56
783
197
29
4
3
2979
12
7
3789
72
1969
243
9
13
50
82
29
61
11
241
41
2
10
7
70
81
241
5
18
4
143
3
54
13
8
28
58
96
19
13
31
484
17
24
3051
46
0
64
5
2
831
34
60
3873
36
44
29
25
36
1017
6
74
212
36
12
62
41
32
9
55
199
598
70
8
34
212
21
247
14
113
235
216
503
45
169
18
195
9
4
7
5
641
5
57
16
8
7
746
366
241
41
4
48
21
4
206
8
7
190
4
59
28
9
2015
3864
5
2079
4
6
7
57
257
6
209
61
3
317
4
28
72
17
237
58
37
3
50
412
18
36
25
8
21
24
529
230
6
4
11
37
4
199
3906
42
4
508
41
67
3
109
4
43
50
3924
9
125
9
124
491
48
33
97
32
23
175
8
849
2866
64
12
14
9
7
277
1974
51
12
7
644
17
545
681
251
9
45
153
24
31
9
208
34
851
18
28
34
38
4
8287
5
131
100
3
44
54
25
44
15
40
37
53
32
10
208
28
2007
596
22
23
28
34
9
57
241
8
13
6
2
311
13
37
27
104
4
7
200
67
6
67
2870
25
35
66
28
8
56
62
53
30
4
8
66
6
49
23
41
229
1
2
4
34
15
8
26
44
23
7
8
399
261
12
28
247
57
10
1
9
32
11
448
15
53
15
8
7
6
5
308
1962
5
24
7
39
1915
33
21
11
13
58
12
5
18
2
43
48
6
23
49
773
72
7
287
2927
27
12
50
638
26
85
218
10
49
59
8
92
40
65
216
999
34
48
55
16
65
47
29
36
409
5
15
322
32
48
2951
49
71
33
3976
24
7
34
7
14
45
106
76
354
147
6
26
46
39
14
56
15
36
229
12
23
793
8
20
1
3920
3
59
7
211
14
496
30
839
451
29
103
5
0
3
19
31
486
72
3933
9
29
62
851
12
16
30
42
1
42
12
10
10
645
11
3
43
170
3966
44
112
38
11
621
204
10
37
16
2
20
1984
16
10
50
2939
183
57
3947
2909
602
11
161
550
174
424
71
13
41
48
11
29
13
205
1
15
110
135
20
6
16
62
481
37
7
4
608
37
63
174
478
3840
217
11
50
323
107
4
47
22
9
3001
96
4
1
65
5
14
3
15
252
0
47
890
77
45
324
38
2
7
17
33
11
44
321
18
123
14
69
295
25
640
30
25
54
21
8
12
9
6
162
12
31
6
5
222
19
310
8
21
196
6
25
211
475
12
13
10
66
61
17
34
48
2
11
18
8
330
524
234
32
7
11
10
16
2
1
55
123
26
15
621
2905
34
4
30
607
32
41
14
3914
4
14
72
84
190
18
290
1952
601
10
11
71
181
221
121
29
15
5
77
7
12
228
30
46
45
19
52
324
47
155
589
102
65
35
921
6
19
1908
35
5
56
3953
17
73
618
69
35
446
29
143
6
9
13
188
3896
9
621
35
195
86
7
3
88
351
18
11
22
71
2992
16
61
24
40
76
13
5
9
10
14
15
51
52
291
73
9
75
229
37
1919
9
6
204
34
2
309
313
2086
8
5
9
15
2768
229
31
960
637
984
13
829
32
46
34
10
44
8
99
6
1914
5
26
806
40
34
21
480
84
252
291
5
7
528
136
1904
134
12
548
6
6
62
62
8
24
641
815
4
102
9
8
3
22
8
39
34
114
3897
268
32
14
235
28
12
19
6
44
27
2
4
156
33
53
11
76
842
61
13
51
19
16
35
25
50
4
36
6
917
41
200
69
